    0 2.64239361e-06
    1 1.03999019e-50
    2 4.26424591e-01
    3 1.15608999e-143
    4 9.08506932e-01
    5 6.19181178e-68
    6 9.27396022e-09
    7 3.15615123e-06
    8 2.90375350e-01
    9 1.96194711e-04
   10 1.99244019e-15
   11 6.95553318e-12
   12 1.27487067e-49
   13 3.51729705e-20
   14 3.18557601e-56
   15 1.57221826e-36
   16 6.67614909e-41
   17 1.32979215e-11
   18 1.05845967e-34
   19 8.00025818e-04
   20 4.07330535e-13
   21 6.66875809e-13
   22 3.79574823e-01
   23 1.87670807e-12
   24 7.52925926e-23
   25 2.48220707e-26
   26 8.23730022e-19
   27 3.03980680e-74
   28 6.87882078e-01
   29 2.62335035e-103
   30 7.56455713e-64
   31 3.72465724e-03
   32 9.07039038e-01
   33 3.34971213e-01
   34 5.39989103e-01
   35 1.60448961e-04
   36 1.41753480e-48
   37 1.53762839e-35
   38 1.78101586e-14
   39 7.81549261e-17
   40 1.91555119e-09
   41 5.14966902e-06
   42 2.05592538e-17
   43 4.31066995e-11
   44 1.94712653e-09
   45 3.38534848e-15
   46 2.11754054e-05
   47 3.93687433e-08
   48 1.03855206e-11
   49 7.21795927e-05
   50 2.99636708e+01
   51 1.10160104e-06
   52 9.01631870e-02
   53 1.00079398e-07
   54 1.32003470e-12
   55 6.57349256e-13
   56 1.39641023e-14
   57 5.12262280e-09
   58 1.80745802e-30
   59 4.62174361e-13
   60 9.34986449e-01
   61 5.88319471e-01
   62 6.21408361e-34
   63 4.64522969e-08
   64 7.68811190e-54
   65 2.32593652e-19
   66 5.92022829e-19
   67 6.03187084e-07
   68 4.59068942e-30
   69 1.85265352e-04
   70 4.02328932e-10
   71 1.18363349e-07
   72 5.11829625e-04
   73 1.15323274e-18
   74 8.66074821e-15
   75 1.47633221e-13
   76 2.55695252e-10
   77 1.83956682e-32
   78 1.33077926e-02
   79 2.22736881e-20
   80 1.61246096e-03
   81 1.28995676e-07
   82 5.73926423e-01
   83 9.66431245e-08
   84 7.77644686e-05
   85 3.88275478e-09
   86 4.23004684e-28
   87 4.44655308e-34
   88 7.90724962e-43
   89 2.30290378e-48
   90 1.86275133e-106
   91 1.91105650e-20
   92 0.00000000e+00
   93 3.71689922e-50
   94 6.16063705e-08
   95 1.05038176e-08
   96 2.49044444e-11
   97 8.15564461e-21
   98 9.75509500e-26
   99 3.35678397e-04
  100 1.37309540e-01
  101 2.06469187e-16
  102 6.95530475e-16
  103 7.07792055e-17
  104 1.60524800e-16
  105 6.83883390e-15
  106 1.32421705e-10
  107 6.17137852e-09
  108 7.90294985e-14
  109 9.54136568e-04
  110 1.05251551e-16
  111 7.09948482e-19
  112 5.00888282e-12
  113 1.05262580e-06
  114 8.57525214e-08
  115 5.37573999e-04
  116 1.40000598e-25
  117 1.41415231e-21
  118 3.01053688e-26
  119 1.15173595e-32
  120 7.08000029e-37
  121 1.11497763e-69
  122 1.49183892e-12
  123 8.41854348e-01
  124 7.36051143e-20
  125 4.02067965e-07
  126 7.16471550e-38
  127 5.92714229e-28
  128 1.22070573e-10
  129 5.68841947e-11
  130 1.45973599e-07
  131 1.64270412e-02
  132 5.48457570e-12
  133 4.23571527e-11
  134 3.22963828e-13
  135 1.15779015e-14
  136 1.74307847e-10
  137 2.03432797e-09
  138 6.76612041e-09
  139 2.47612860e-16
  140 2.53254335e-17
  141 1.29696725e-12
  142 5.13005533e-15
  143 2.33821581e-06
  144 2.55434625e-08
  145 5.41066741e-07
  146 4.03763822e-02
  147 6.93722548e-17
  148 8.45676987e-18
  149 1.33332558e-18
  150 1.16696862e-26
  151 2.75840806e-30
  152 2.95161796e-47
  153 1.35907334e-114
  154 3.70667807e-01
  155 4.65535754e-31
  156 5.43900955e-25
  157 3.14017584e-25
  158 1.00691887e-20
  159 5.00076575e-09
  160 2.75045900e-06
  161 1.11877329e-14
  162 6.24941541e-02
  163 6.95163257e-13
  164 3.20279037e-07
  165 6.60045952e-12
  166 5.32782792e-08
  167 6.78109049e-06
  168 1.03809907e-03
  169 1.60126920e-08
  170 3.14215288e-10
  171 1.54954641e-16
  172 1.08745664e-08
  173 4.07391214e-12
  174 7.78675420e-12
  175 3.07319785e-02
  176 4.38847027e-02
  177 3.66176208e-01
  178 1.49801956e-06
  179 8.66507883e-11
  180 7.52492672e-11
  181 1.32704645e-15
  182 2.69864414e-19
  183 7.05748220e-44
  184 1.23652665e-110
  185 2.84890785e-01
  186 8.76092248e-36
  187 1.69172237e-16
  188 3.56210216e-18
  189 1.32050108e-16
  190 4.51472068e-14
  191 5.82772282e-07
  192 2.10722785e-12
  193 6.63880953e-02
  194 1.32128815e-24
  195 1.85623505e-10
  196 1.72600077e-07
  197 1.48101151e-03
  198 3.79508337e-11
  199 5.40947917e-05
  200 2.81684383e-11
  201 7.64056355e-08
  202 8.75818792e-10
  203 1.20595388e-14
  204 7.88442017e-25
  205 1.88110017e-24
  206 2.43375198e-10
  207 2.59652018e-11
  208 6.95762415e-02
  209 2.22602006e-19
  210 7.69760822e-14
  211 1.59597720e-18
  212 3.24371702e-11
  213 2.10950709e-29
  214 2.43027655e-01
  215 5.76673991e-03
  216 2.27417070e-01
  217 9.02899372e-27
  218 6.58646161e-08
  219 2.03451878e-18
  220 1.37110861e-08
  221 8.32446098e-13
  222 6.63526572e-05
  223 2.17767343e-10
  224 1.15378256e-01
  225 2.89850636e-05
  226 1.99105173e-04
  227 1.59966232e-09
  228 2.79303657e-17
  229 1.61492837e-09
  230 8.56000767e-02
  231 3.84649465e-02
  232 2.40421405e-08
  233 1.08980463e-13
  234 2.39069111e-11
  235 3.98467706e-14
  236 4.57269352e-12
  237 8.25485468e-14
  238 3.78811290e-09
  239 9.03135505e-09
  240 5.41937526e-03
  241 4.29001856e-11
  242 4.59210973e-04
  243 2.70057434e-13
  244 5.94006864e-02
  245 2.46847082e-01
  246 4.50787110e-01
  247 2.29978826e-23
  248 1.51690375e-27
  249 1.49982330e-01
  250 1.71913505e-15
  251 1.78802564e-09
  252 2.48595274e-08
  253 1.50787620e-01
  254 2.07815108e-04
  255 1.27642713e-03
  256 1.28211727e-06
  257 3.87601013e-05
  258 9.87371018e-02
  259 3.42987010e-04
  260 1.42313053e-03
  261 4.71480374e-02
  262 7.67531134e-06
  263 6.36763603e-11
  264 8.52452478e-12
  265 3.84318142e-13
  266 2.91452364e-08
  267 7.85328275e-09
  268 4.23812018e-08
  269 9.31246900e-05
  270 2.63307877e-19
  271 2.68243387e-04
  272 3.34269547e-13
  273 5.29652312e-02
  274 1.10141851e-11
  275 3.48894460e-18
  276 3.38405209e-19
  277 3.91062357e-07
  278 2.06862281e-94
  279 8.99491339e-15
  280 2.01211773e-23
  281 4.83652314e-09
  282 3.71865601e-07
  283 1.09554820e-13
  284 2.60976046e-01
  285 6.92583779e-08
  286 2.85897952e-01
  287 5.87784698e-02
  288 6.83174607e-09
  289 7.91099502e-12
  290 5.45497859e-02
  291 8.84738645e-06
  292 3.19792292e-05
  293 5.52391568e-08
  294 6.66903359e-06
  295 5.90092851e-15
  296 4.25610301e-15
  297 2.53175313e-06
  298 4.91900529e-14
  299 1.14244994e-01
  300 2.34287082e-03
  301 7.36556253e-12
  302 2.86114322e-09
  303 3.22201403e-05
  304 1.13188627e-13
  305 7.03666447e-09
  306 3.84981368e-13
  307 8.52769011e-12
  308 6.06337454e-26
  309 5.67018161e-22
  310 3.98622212e-02
  311 1.14277379e-01
  312 1.75012762e-01
  313 1.91182609e-08
  314 2.64654956e-04
  315 2.38627970e-02
  316 2.27556120e-01
  317 9.47976750e-03
  318 1.94420924e-09
  319 1.10951916e-25
  320 6.31265975e-15
  321 7.82049284e-05
  322 5.66755191e-08
  323 8.66921249e-03
  324 1.35752328e-05
  325 7.04953422e-10
  326 5.96859662e-08
  327 2.24516189e-03
  328 9.23014102e-02
  329 1.47791176e-07
  330 1.35019490e-20
  331 8.77651952e-13
  332 1.05824812e-11
  333 1.12121059e-17
  334 6.69352612e-17
  335 2.21313086e-24
  336 8.67861872e-34
  337 1.07195918e-23
  338 3.80050364e-31
  339 2.53307450e-76
  340 2.18649290e-22
  341 2.75407239e-01
  342 1.95809702e-11
  343 1.32812479e-03
  344 4.12157782e-11
  345 5.80941898e-07
  346 3.17600322e-03
  347 8.10116112e-05
  348 1.28237125e-11
  349 3.06633966e-17
  350 1.47088470e-11
  351 1.40039001e-01
  352 3.64375110e-11
  353 4.29204263e-15
  354 1.23593113e-11
  355 2.32403912e-08
  356 1.50524051e-12
  357 2.66724981e-08
  358 1.33814647e-04
  359 7.07576349e-06
  360 1.60807073e-07
  361 3.15721686e-17
  362 2.26764525e-22
  363 8.40111577e-08
  364 4.62636675e-14
  365 1.78645680e-05
  366 1.90223799e-01
  367 1.19131816e-23
  368 4.36176548e-17
  369 9.87512001e-26
  370 3.66651940e-55
  371 1.62337641e-107
  372 4.03111502e-10
  373 8.46745901e-02
  374 4.23267334e-11
  375 5.78932966e-12
  376 2.45951990e-06
  377 2.13899914e-03
  378 3.78170142e-03
  379 9.95345517e-03
  380 2.23431909e-14
  381 3.99158457e-16
  382 2.51551663e-09
  383 2.06237625e-12
  384 2.59965955e-12
  385 1.07572145e-12
  386 5.64482003e-12
  387 6.73494708e-11
  388 7.43042808e-10
  389 4.81743793e-08
  390 1.51613540e-08
  391 2.41591660e-13
  392 3.98535920e-05
  393 1.47803774e-04
  394 1.55099101e-02
  395 1.00299057e-10
  396 3.72404362e-10
  397 3.25424916e-04
  398 1.13252473e-06
  399 6.61422407e-18
  400 1.55357069e-17
  401 2.18609282e-41
  402 2.04256505e-79
  403 2.67450105e-19
  404 2.54071398e-29
  405 1.24381738e-10
  406 3.83978176e-10
  407 1.43039252e-06
  408 7.66654224e-10
  409 7.84796897e-14
  410 5.39158968e-05
  411 3.15843530e-03
  412 5.12071764e-11
  413 3.32516707e-05
  414 1.36868220e-22
  415 6.16591163e-16
  416 3.11278766e-13
  417 3.06305253e-09
  418 2.05232922e-13
  419 2.11619015e-13
  420 1.24765627e-11
  421 2.27661713e-10
  422 1.59357039e-12
  423 2.09925884e-08
  424 1.78601927e-06
  425 2.45427737e-10
  426 1.51377895e-07
  427 8.47547705e-06
  428 5.71237804e-07
  429 7.06133761e-13
  430 3.37920733e-12
  431 2.33305892e-15
  432 8.78655916e-33
  433 2.95408254e-69
  434 5.67968318e-27
  435 3.98489514e-22
  436 2.59344644e-03
  437 1.35804337e-22
  438 7.89422286e-15
  439 3.87251302e-11
  440 4.83576276e-10
  441 2.96230061e-10
  442 1.05018685e-06
  443 6.35113811e-15
  444 6.47462868e-03
  445 2.99353873e-06
  446 2.70802494e-05
  447 3.88347708e-08
  448 6.41698771e-08
  449 2.69900849e-12
  450 4.24077238e-11
  451 4.51179461e-13
  452 1.29972769e-10
  453 3.87194560e-25
  454 1.50146549e-26
  455 3.29256341e-27
  456 1.47436841e-22
  457 1.32404325e-10
  458 1.19314052e-07
  459 1.54178283e-01
  460 2.27478354e-14
  461 3.34984434e-16
  462 1.02558833e-11
  463 8.63364316e-17
  464 1.08413691e-57
  465 8.47406677e-19
  466 4.43468934e-48
  467 1.57922469e-16
  468 9.94673695e-23
  469 1.52655444e-12
  470 2.01544689e-09
  471 3.96982662e-10
  472 2.37873004e-10
  473 4.22903150e-08
  474 7.73984001e-15
  475 1.45598537e-05
  476 3.10923993e-09
  477 8.78633063e-08
  478 4.85582806e-09
  479 1.14572719e-11
  480 5.88891860e-10
  481 4.79911490e-07
  482 1.71090549e-07
  483 2.96350297e-05
  484 5.16814444e-15
  485 1.54510101e-16
  486 4.08250692e-11
  487 1.10682618e-14
  488 1.30475306e-18
  489 6.12266804e-08
  490 9.67985114e-08
  491 2.15532056e-03
  492 9.74415866e-15
  493 1.84646353e-11
  494 5.48705502e-24
  495 2.91478344e-65
  496 4.47929381e-24
  497 1.02310358e-32
  498 1.83234315e-14
  499 3.54878970e-14
  500 1.17632565e-11
  501 3.13325234e-14
  502 3.36010653e-05
  503 2.61559939e-06
  504 4.53554438e-07
  505 1.73574450e-14
  506 2.33701856e-08
  507 1.51033689e-10
  508 2.02080737e-10
  509 3.16003416e-08
  510 1.21448939e-11
  511 5.86101687e-10
  512 1.48824392e+01
  513 2.74443157e-02
  514 8.41106659e-03
  515 4.87386394e-10
  516 3.57878560e-13
  517 1.20626612e-06
  518 1.84691235e-06
  519 4.52474565e-12
  520 1.83682457e-11
  521 7.63113539e-17
  522 8.18156722e-15
  523 3.05153896e-16
  524 5.30245244e-19
  525 1.73828797e-03
  526 6.88215286e-02
  527 1.79815560e-29
  528 2.24158730e-17
  529 2.40404982e-20
  530 1.47257399e-11
  531 1.53738879e-12
  532 2.85682807e-08
  533 1.32133022e-10
  534 1.12638940e-10
  535 5.03953743e-09
  536 7.25555597e-08
  537 4.89934487e-03
  538 1.36234164e-11
  539 2.68630763e-20
  540 5.18102455e-19
  541 1.50804422e-11
  542 9.72983473e-16
  543 5.44217136e-04
  544 1.57549302e-11
  545 1.22186456e-12
  546 8.94080240e-15
  547 1.41151088e-17
  548 2.16483050e-12
  549 1.83570976e-06
  550 8.44304862e-14
  551 5.99173687e-05
  552 1.22156833e-05
  553 8.67080578e-14
  554 5.57152290e-09
  555 9.64891175e-04
  556 4.41717699e-02
  557 9.90674956e-79
  558 2.71697033e-41
  559 8.83306656e-09
  560 2.43940255e-12
  561 2.31949190e-07
  562 5.67807058e-10
  563 4.46616672e-07
  564 2.64621765e-08
  565 2.20183664e-12
  566 4.61328748e-12
  567 2.76451480e-12
  568 5.93405919e-10
  569 1.19793394e-04
  570 1.18256157e-08
  571 2.68020984e-09
  572 8.61985089e-06
  573 1.66712288e-10
  574 5.43748702e-08
  575 4.83456740e-07
  576 4.33051470e-15
  577 7.43608994e-20
  578 2.14014110e-14
  579 1.91525275e-14
  580 1.27710643e-20
  581 1.80695499e-26
  582 1.15287650e-10
  583 4.58202125e-02
  584 2.22836572e-09
  585 1.35000409e-11
  586 4.41910256e-04
  587 2.75438927e-06
  588 1.39998258e-14
  589 5.66199668e-18
  590 2.45231890e-16
  591 7.00987468e-02
  592 5.47288426e-02
  593 9.14103579e-03
  594 3.98710549e-02
  595 4.62892800e-03
  596 6.17218996e-02
  597 1.48258417e-03
  598 7.07889278e-02
  599 1.35664588e-12
  600 1.76566238e-16
  601 2.02925623e-13
  602 8.64441103e-12
  603 1.86290593e-09
  604 4.50159880e-09
  605 1.72776783e-06
  606 1.21770936e-03
  607 6.76966845e-06
  608 5.00510434e-05
  609 1.13376040e-03
  610 1.78174238e-02
  611 2.88687730e-20
  612 3.32426677e-19
  613 9.62677469e-18
  614 9.33328649e-15
  615 1.73110320e-18
  616 9.22858087e-14
  617 2.15543171e-06
  618 2.30217265e-06
  619 3.45382038e-18
  620 1.67157913e-03
  621 9.40023500e-14
  622 4.97776049e-03
  623 5.05118194e-05
  624 6.34019431e-08
  625 4.77494489e-08
  626 5.16579805e-04
  627 1.97245555e-04
  628 3.38709791e-05
  629 1.59179377e-04
  630 7.88402914e-08
  631 1.20250108e-08
  632 1.58135575e-12
  633 8.24149813e-12
  634 5.82155991e-13
  635 3.25588956e-09
  636 1.04297707e-03
  637 1.06689508e-01
  638 2.63735003e-05
  639 1.05755351e-04
  640 3.43995526e-12
  641 2.58791495e-14
  642 5.50960691e-04
  643 2.16532466e-01
  644 1.25965353e-01
  645 5.00662866e-06
  646 3.73059256e-27
  647 2.02579632e-08
  648 1.17618761e-03
  649 1.85310190e-03
  650 2.24690673e-18
  651 1.63355232e-07
  652 5.02586336e-14
  653 2.32718902e-19
  654 1.23512542e-14
  655 1.06960581e-08
  656 2.03888581e-10
  657 2.08344671e-04
  658 7.15885467e-04
  659 5.47065514e-21
  660 1.41850063e-05
  661 6.22337024e-03
  662 8.57516322e-02
  663 2.08503123e-14
  664 3.75516694e-20
  665 8.19419029e-25
  666 1.74856200e-15
  667 1.46015527e-10
  668 7.95198185e-10
  669 5.96482283e-19
  670 2.43842114e-17
  671 1.12082359e-08
  672 1.32925976e-05
  673 7.05805757e-02
  674 1.41714954e-13
  675 3.03752000e-19
  676 2.54740468e-05
  677 3.14785709e-01
  678 1.47578750e-07
  679 6.94503145e-04
  680 1.68099851e-08
  681 2.17252479e-12
  682 3.78288166e-01
  683 2.17555731e-13
  684 3.69059892e-35
  685 5.79486550e-20
  686 1.34555363e-15
  687 4.66861249e-09
  688 1.45604074e-02
  689 5.30797289e-08
  690 3.87243501e-03
  691 7.07028431e-07
  692 2.72502955e-04
  693 1.71663410e-17
  694 8.11913246e-10
  695 2.09914027e-07
  696 4.18787020e-15
  697 1.20735487e-11
  698 7.56655369e-16
  699 1.85732880e-14
  700 3.58298943e-16
  701 3.41834176e-16
  702 1.31436050e-16
  703 3.13327681e-09
  704 1.34065807e-12
  705 1.42686035e-14
  706 1.59882831e-22
  707 4.04093789e-11
  708 1.85913048e-13
  709 4.41253757e-02
  710 7.23088096e-10
  711 4.21430194e-05
  712 3.28232977e-04
  713 8.60008112e-15
  714 1.67666516e-05
  715 1.22430217e-34
  716 1.17321002e-11
  717 2.11616725e-17
  718 2.44282525e-01
  719 9.49635519e-13
  720 1.55517394e-17
  721 1.38678428e-01
  722 1.05623327e-10
  723 9.71040740e-11
  724 6.59962247e-15
  725 4.64766740e-26
  726 8.22010876e-18
  727 1.11229804e-09
  728 1.10524801e-08
  729 1.07961152e-05
  730 2.09573837e-05
  731 6.93625960e-08
  732 5.34068386e-04
  733 7.42516509e-08
  734 2.04425894e-01
  735 2.27206153e-17
  736 3.33307139e-26
  737 1.35367966e-24
  738 5.62522035e-12
  739 2.90313872e-22
  740 9.63638506e-11
  741 3.59128343e-01
  742 4.91372187e-05
  743 6.93986576e-16
  744 1.17434278e-02
  745 3.24152668e-75
  746 1.72635639e-26
  747 1.17594598e-05
  748 5.39765692e-41
  749 2.72327948e-08
  750 1.10176849e-27
  751 5.60491480e-20
  752 2.77268308e-06
  753 3.12532300e-01
  754 1.80124920e-12
  755 1.71099418e-01
  756 9.36275001e-14
  757 2.32269659e-06
  758 5.57317307e-02
  759 6.83069052e-09
  760 7.26639512e-09
  761 3.50305334e-07
  762 9.52674828e-16
  763 1.43984365e-03
  764 3.70842551e-05
  765 3.22954131e-17
  766 4.51389474e-19
  767 3.22631559e-30
  768 9.41506496e-16
  769 8.12705453e-03
  770 3.33061786e-11
  771 2.62590508e-05
  772 7.96157594e-04
  773 9.86870404e-08
  774 7.34207002e-04
  775 4.06423020e-50
  776 8.75570030e-08
  777 7.97930192e-18
  778 5.05514407e-17
  779 2.41249512e-02
  780 7.25470317e-11
  781 1.44103933e-03
  782 1.48098271e-03
  783 2.00264998e-08
  784 1.73146586e-02
  785 1.34688973e-14
  786 1.44584400e-13
  787 2.57195817e-13
  788 1.95916123e-19
  789 9.39401025e-18
  790 8.42158748e-25
  791 3.48797490e-19
  792 4.83225130e-13
  793 4.32628562e-19
  794 5.17252785e-02
  795 5.14005584e-03
  796 9.78685161e-07
  797 6.09865740e-03
  798 3.95053383e-17
  799 3.00387670e-34
  800 1.30822702e-15
  801 2.27627504e-23
  802 5.79793619e-06
  803 1.28184078e-03
  804 1.71416424e-07
  805 3.10605065e-10
  806 4.15533145e-51
  807 2.74845519e-46
  808 1.28992135e-14
  809 4.22527416e-26
  810 7.82864635e-02
  811 1.56728112e-21
  812 3.50958388e-15
  813 5.39175510e-10
  814 8.04373853e-17
  815 4.34352896e-08
  816 4.31779379e-07
  817 4.16353554e-18
  818 6.77946883e-12
  819 5.44752613e-11
  820 1.02042877e-08
  821 4.95804212e-10
  822 1.20446739e-14
  823 4.25986466e-06
  824 1.97118046e-12
  825 3.33151382e-07
  826 1.09457527e-14
  827 2.31171235e-17
  828 4.72277697e-12
  829 2.36646248e-15
  830 1.10071210e-01
  831 9.29909563e-14
  832 3.70652164e-43
  833 3.83335016e-09
  834 2.59236491e-03
  835 1.36314126e-08
  836 9.80767473e-12
  837 1.96345932e-01
  838 8.23027547e-01
  839 6.85398576e-03
  840 1.55839996e-20
  841 3.57830816e-02
  842 4.35865181e-07
  843 3.89614450e-07
  844 5.07796008e-06
  845 2.47518806e-09
  846 2.69877802e-14
  847 1.44612761e-09
  848 2.81296037e-02
  849 2.64866048e-15
  850 2.40360424e-19
  851 1.89547377e-13
  852 1.60507240e-08
  853 1.41416133e-04
  854 1.06864351e-05
  855 1.63471295e-21
  856 9.16066539e-11
  857 2.30301633e-06
  858 2.57430690e-04
  859 5.33884855e-02
  860 1.18187377e-40
  861 3.25445422e-73
  862 2.38818785e-26
  863 2.65802366e-08
  864 2.16793062e-11
  865 1.91900650e-01
  866 9.91755615e-14
  867 5.20449651e-08
  868 1.31833887e+00
  869 2.69808055e-77
  870 1.83330118e-04
  871 5.55653336e-34
  872 5.23000203e-11
  873 8.43182550e-12
  874 4.06679794e-12
  875 5.29167022e-12
  876 8.40375933e-03
  877 5.63979638e-01
  878 2.74902125e-01
  879 8.33270924e-15
  880 3.92017341e-05
  881 1.28038997e-19
  882 2.12446517e-20
  883 1.54043768e-18
  884 1.90009130e-32
  885 1.92096619e-24
  886 1.61391181e-18
  887 1.37485129e-11
  888 5.63321683e-07
  889 1.22356848e-22
  890 1.39870152e-28
  891 1.01086770e-31
  892 7.97509719e-27
  893 2.95313892e-02
  894 2.95486316e-20
  895 2.18702979e-02
  896 1.37096703e-12
  897 1.82832619e-14
  898 1.06928599e-22
  899 2.75030263e-44
  900 5.09084882e-01
  901 1.28104568e-06
  902 2.07653260e-16
  903 1.39055369e-13
  904 3.03651351e-11
  905 9.95124951e-08
  906 2.33062775e-08
  907 5.78950693e-07
  908 6.64904300e-25
  909 5.73466773e-10
  910 2.97084169e-37
  911 2.46346242e-31
  912 3.35445404e-32
  913 2.89692630e-44
  914 2.84333566e-39
  915 1.38196058e-21
  916 1.60663732e-21
  917 2.79386939e-15
  918 8.93819824e-05
  919 2.39443194e-11
  920 5.03067409e-09
  921 2.39486689e-14
  922 3.31482252e-01
  923 2.65474622e-54
  924 2.17309712e-11
  925 3.07101031e-71
  926 1.97291280e-59
  927 2.95816066e-04
  928 9.78954636e-01
  929 8.50503725e-01
  930 7.68735916e-22
  931 4.21667344e-12
  932 1.14502050e-45
  933 1.73385773e-01
  934 3.49928295e-22
  935 7.63681219e-16
  936 2.44639445e-13
  937 3.30278314e-10
  938 4.44680253e-13
  939 2.32802515e-01
  940 1.61648343e-07
  941 2.76172304e-08
  942 3.38733912e-05
  943 7.48818663e-04
  944 1.61232456e-02
  945 4.76692420e-09
  946 7.35492459e-02
  947 1.06029705e-17
  948 4.63776728e-03
  949 1.41103515e-09
  950 1.36781327e-17
  951 2.56277946e-28
  952 4.86993669e-07
  953 2.74722750e-13
  954 7.13008835e-01
  955 1.00203677e-01
  956 1.05892684e-05
  957 6.94529001e-01
  958 3.96211953e-01
  959 2.60492201e-03
  960 3.15482935e-51
